A_Phased_Repeat	Direct_Repeat	G_Quadruplex_Motif	Inverted_Repeat	Mirror_Repeat	Short_Tandem_Repeat	Z_DNA_Motif	group
3299	27602	13260	23634	31445	32291	4577	experiment_sample
3771	9279	3058	32521	12240	18545	3002	random_sample
3808	9316	2974	32499	12277	18894	3036	random_sample
3732	9264	3031	32331	12229	18719	3036	random_sample
3801	9241	2980	32700	12030	18771	3062	random_sample
3817	9377	2952	32512	12196	18607	3068	random_sample
3808	9264	2976	32309	12165	18779	3021	random_sample
3807	9228	3041	32525	12220	18647	3054	random_sample
3781	9309	2936	32117	12227	18862	3045	random_sample
3789	9224	3030	32367	12283	18916	3091	random_sample
3770	9304	2984	32226	12242	18674	3078	random_sample
